
1274   1269   1272   1266   1265   1268   1270   1260   1267   1265   
1247   1253   1256   1248   1256   1267   1255   1262   1241   1254   
703   715   712   699   707   704   705   708   706   704   
709   697   705   707   713   714   706   707   706   705   
33   76   58   32   69   45   51   49   68   40   
89   93   49   71   53   50   67   53   57   85   
121   91   65   60   99   54   82   56   75   116   
93   57   48   50   94   89   69   52   80   98   
199199998   200536630   198728711   197900466   200280583   199690528   199337685   199440490   200590326   199820251   
195845063   197545912   196496113   195828312   196058160   196964854   195480865   196150353   193866242   196589254   
85778779   86008248   85690828   85692325   86565402   85729251   86144991   85870583   86113256   86757276   
86356492   85645271   85356350   85558226   86385623   85757165   86277535   85854243   86383918   86621610   

 W ============
Avg Active Time: 1267.75
Avg overhead: 51.625
Avg L3_misses: 199.6293595

 P ============
Avg Active Time: 1253.875
Avg overhead: 65.625
Avg L3_misses: 196.17662175

 2 ============
Avg Active Time: 706.125
Avg overhead: 80.5
Avg L3_misses: 85.987854375

 5 ============
Avg Active Time: 707.25
Avg overhead: 73.0
Avg L3_misses: 86.027309125
