
1566   1573   1565   1565   1570   1567   1560   1571   1571   1556   
1457   1461   1442   1446   1468   1455   1448   1467   1455   1456   
1232   1252   1258   1259   1258   1248   1263   1256   1252   1252   
1260   1268   1256   1251   1257   1261   1256   1257   1257   1250   
17   16   15   18   16   18   15   16   16   18   
14   17   14   17   15   14   15   13   14   13   
48   44   43   38   38   38   38   40   51   57   
45   39   43   45   37   38   44   40   45   46   
295359420   296636501   297009577   297406390   297426931   295722192   293728662   297249089   296944450   293078884   
258910063   258952032   257224465   259522789   261700294   258601385   254894076   259021478   258411020   257425522   
108688547   107743536   106161871   105290659   104373647   108614195   106719470   106552648   108079704   104294167   
106177668   107735903   108021263   107468865   106908579   107091605   105953024   105719579   106899637   106566956   

 W ============
Avg Active Time: 1566.875
Avg overhead: 16.5
Avg L3_misses: 296.257035125

 P ============
Avg Active Time: 1455.625
Avg overhead: 14.5
Avg L3_misses: 258.50859425

 2 ============
Avg Active Time: 1254.375
Avg overhead: 42.5
Avg L3_misses: 106.69196625

 5 ============
Avg Active Time: 1256.875
Avg overhead: 42.375
Avg L3_misses: 106.850279625
