
1257   1259   1258   1257   1257   1257   1261   1259   1257   1257   
1246   1248   1248   1248   1249   1248   1248   1250   1247   1248   
1242   1257   1242   1245   1263   1253   1255   1247   1245   1252   
1243   1247   1250   1249   1258   1230   1244   1249   1249   1239   
13   10   16   13   13   11   11   11   10   13   
13   10   15   14   13   13   10   16   10   12   
47   44   46   41   49   48   51   43   41   42   
43   43   41   49   40   34   44   42   39   42   
319247626   322346833   321318095   315943221   317437718   321387258   319323739   320139568   319472973   318979735   
272583277   274938065   272312360   274971841   279415077   274351566   277792406   275174959   274383716   276943630   
107026241   106651127   106057432   105207869   106132387   108531463   107208207   106502314   105361525   105489719   
108443889   106501302   106942162   106583914   106813725   105745467   106617571   106747159   106183100   106904748   

 W ============
Avg Active Time: 1257.625
Avg overhead: 11.875
Avg L3_misses: 319.663339

 P ============
Avg Active Time: 1248.0
Avg overhead: 12.5
Avg L3_misses: 275.1424325

 2 ============
Avg Active Time: 1249.5
Avg overhead: 45.0
Avg L3_misses: 106.303619

 5 ============
Avg Active Time: 1246.25
Avg overhead: 41.75
Avg L3_misses: 106.661710125
