
699   693   692   695   694   696   698   700   694   694   
661   651   651   662   682   655   660   670   674   672   
645   646   649   641   643   643   652   651   643   641   
640   641   644   649   641   643   644   642   640   643   
27   29   19   24   30   25   33   25   22   29   
36   63   47   50   45   50   40   34   36   39   
32   28   31   29   37   27   36   33   21   30   
28   29   29   26   40   41   29   28   26   34   
242579386   241659858   240984952   242991865   242442952   242232839   243874421   242271583   242391431   242377325   
241427819   242763527   241770759   242209536   240616779   242932542   241693089   240243502   240470511   241661090   
186594360   185122219   186703434   186017046   186522409   184571207   186128691   186383423   184882884   185453147   
185760764   186089861   185071939   185680909   185656285   185100624   186939532   185610399   186013304   185113516   

 W ============
Avg Active Time: 695.375
Avg overhead: 26.375
Avg L3_misses: 242.368404875

 P ============
Avg Active Time: 663.125
Avg overhead: 42.875
Avg L3_misses: 241.57663875

 2 ============
Avg Active Time: 645.125
Avg overhead: 30.75
Avg L3_misses: 185.888022375

 5 ============
Avg Active Time: 642.25
Avg overhead: 30.375
Avg L3_misses: 185.62820775
