
800   794   794   798   797   797   799   795   793   797   
767   756   766   760   778   768   766   768   772   769   
752   753   752   754   755   751   745   758   756   758   
752   748   755   744   754   750   756   752   752   752   
61   70   69   62   66   71   60   62   71   67   
110   120   105   115   92   110   125   108   133   116   
29   31   33   48   34   34   35   43   33   33   
37   42   45   41   56   57   48   37   40   40   
482983155   483152209   482331585   482970088   482852159   482379834   483601415   481635232   483951385   483634237   
453543032   454166595   454051389   451116612   456152615   453573495   453733957   454857802   455191630   454352307   
363058874   363395278   363875012   364931637   364318712   364046367   364876932   365332555   363287843   361533177   
363063658   365193998   363127109   364659795   365876952   365803025   363527255   363721278   363612980   364378478   

 W ============
Avg Active Time: 796.375
Avg overhead: 66.0
Avg L3_misses: 482.98808525

 P ============
Avg Active Time: 767.0
Avg overhead: 113.625
Avg L3_misses: 454.183775875

 2 ============
Avg Active Time: 753.875
Avg overhead: 34.5
Avg L3_misses: 363.973831875

 5 ============
Avg Active Time: 751.875
Avg overhead: 43.625
Avg L3_misses: 364.25298975
