
2813   2789   2812   2812   2826   2799   2809   2815   2826   2819   
2683   2654   2693   2672   2646   2673   2694   2634   2669   2658   
2208   2208   2203   2202   2214   2211   2223   2200   2198   2209   
2211   2216   2214   2233   2213   2212   2209   2218   2191   2207   
92   123   91   99   98   110   102   91   92   88   
130   143   131   152   178   131   128   178   129   160   
56   55   51   62   60   46   41   63   53   47   
57   47   58   32   41   49   53   49   57   69   
483281243   483135813   483237447   483827608   483683333   482857587   484034561   482289155   483582967   482396365   
451164540   450500224   453571357   452443112   454285064   451487637   453823359   452823034   452099512   453096284   
366473315   365835743   365125217   366573478   366175822   365288159   366408590   365937132   364065383   365591514   
365567871   366108016   366245834   366646548   365732319   365564356   365667704   366682342   364996617   365819203   

 W ============
Avg Active Time: 2813.125
Avg overhead: 96.875
Avg L3_misses: 483.250295375

 P ============
Avg Active Time: 2668.5
Avg overhead: 144.25
Avg L3_misses: 452.563604375

 2 ============
Avg Active Time: 2206.875
Avg overhead: 53.75
Avg L3_misses: 365.8544365

 5 ============
Avg Active Time: 2212.5
Avg overhead: 51.375
Avg L3_misses: 365.918981375
