
443   435   440   439   425   424   435   442   440   435   
409   421   425   417   433   402   412   427   428   417   
238   254   236   232   245   244   252   240   251   250   
238   249   245   233   248   247   254   248   248   241   
10   12   13   11   16   19   20   16   15   18   
8   9   11   13   24   14   11   21   18   10   
30   33   33   41   31   28   32   28   39   35   
27   30   33   41   36   31   37   45   40   33   
73829381   74192097   73848142   73962933   73613311   73971421   74163046   74289964   74371457   73584011   
68311460   69223650   69807431   69524411   70592171   67704806   68982128   70111693   70430645   69087765   
41089314   42006308   40662039   40637352   41614291   40269376   41794339   41211702   41685425   41321320   
39628492   41008145   41092254   41291476   41946873   41561663   41760091   41273442   41285757   40630508   

 W ============
Avg Active Time: 436.375
Avg overhead: 15.0
Avg L3_misses: 73.983786875

 P ============
Avg Active Time: 419.5
Avg overhead: 13.375
Avg L3_misses: 69.434897875

 2 ============
Avg Active Time: 244.5
Avg overhead: 32.625
Avg L3_misses: 41.25197275

 5 ============
Avg Active Time: 245.5
Avg overhead: 35.125
Avg L3_misses: 41.237917
