
126   119   123   121   125   121   123   124   117   120   
118   114   124   119   116   124   116   124   112   124   
96   100   96   100   99   100   102   100   101   100   
103   100   102   100   102   100   102   100   102   98   
17   8   19   11   17   10   14   16   14   12   
15   16   9   9   14   12   14   16   15   9   
35   38   29   36   31   28   26   30   38   32   
33   31   28   29   33   40   35   34   25   34   
73933110   74506146   73003062   73413345   73647012   74982884   73052240   73628009   74629643   74040629   
68805807   68348136   70189493   69391510   67946578   69756680   68173923   70182948   67509427   70020628   
41465912   42405624   41564411   41511918   40489690   41555280   41532554   41320133   42152289   42254892   
41655485   41979356   41700335   41082399   41203812   41701919   42134750   41786716   41736104   41146656   

 W ============
Avg Active Time: 122.0
Avg overhead: 13.875
Avg L3_misses: 73.85626675

 P ============
Avg Active Time: 119.375
Avg overhead: 13.0
Avg L3_misses: 69.07827625

 2 ============
Avg Active Time: 99.5
Avg overhead: 32.375
Avg L3_misses: 41.669673625

 5 ============
Avg Active Time: 101.0
Avg overhead: 32.125
Avg L3_misses: 41.613797875
