
218   218   216   224   213   220   223   224   222   215   
204   211   192   206   217   208   201   209   208   217   
140   134   141   145   147   145   141   149   148   144   
146   147   142   145   136   138   138   146   146   146   
7   19   15   10   10   13   15   14   9   10   
17   8   12   8   11   12   9   9   11   21   
29   33   35   33   25   34   32   34   36   27   
33   31   35   32   37   42   33   31   34   35   
73235186   74426527   74782664   73707527   73631795   72927690   72317401   73283522   73695423   73066009   
68300288   68686695   67509048   68055875   69649606   68408201   67435487   68112400   68504990   68952158   
41272518   40352906   41908923   41525962   41781761   41629466   40425740   41691511   41491457   41121139   
41580031   40418267   41622248   42327101   40822066   40796152   41416921   41328829   41920287   41388280   

 W ============
Avg Active Time: 219.5
Avg overhead: 12.0
Avg L3_misses: 73.496709875

 P ============
Avg Active Time: 208.0
Avg overhead: 11.125
Avg L3_misses: 68.316206875

 2 ============
Avg Active Time: 143.875
Avg overhead: 32.125
Avg L3_misses: 41.36744425

 5 ============
Avg Active Time: 143.375
Avg overhead: 33.75
Avg L3_misses: 41.35935175
