
167   161   165   163   160   150   161   168   167   168   
148   151   152   154   150   136   156   151   150   147   
96   95   96   98   100   96   92   97   100   96   
98   100   101   98   97   97   96   96   104   102   
23   15   11   17   13   14   23   11   18   14   
14   17   15   15   23   16   11   21   16   12   
40   41   42   40   37   39   43   44   37   49   
41   39   45   47   40   49   43   42   38   41   
56720807   56461581   56525259   56907890   56367038   57100449   57252217   56929845   56868879   56580555   
50797447   51763651   51520243   51748060   51259880   50369072   51869160   51474536   50968869   50529802   
31781760   32402180   31949663   32538018   32743092   30814607   31821806   32359751   31855129   32533652   
32212165   32709481   33132256   33005000   32049439   32519816   31797011   32879020   32496181   32535257   

 W ============
Avg Active Time: 164.0
Avg overhead: 15.625
Avg L3_misses: 56.761908125

 P ============
Avg Active Time: 150.375
Avg overhead: 15.75
Avg L3_misses: 51.257811

 2 ============
Avg Active Time: 96.75
Avg overhead: 40.75
Avg L3_misses: 32.155244875

 5 ============
Avg Active Time: 98.625
Avg overhead: 42.25
Avg L3_misses: 32.550794875
