
83   83   84   84   81   84   82   86   83   71   
78   82   78   82   73   75   73   77   81   78   
59   63   58   57   60   59   60   58   56   58   
57   56   60   58   60   58   59   55   57   58   
12   13   11   10   16   15   14   11   14   14   
12   14   10   15   18   17   15   11   12   11   
43   38   40   44   37   38   48   39   42   39   
40   41   40   45   41   46   41   46   48   45   
57252026   56630040   56910485   55680787   57068198   55759513   56626878   57488619   57192374   55176315   
51568924   51848542   51478069   51406637   50437056   50440373   50066598   50900776   51151650   51360323   
32458898   32208683   32429769   32475869   32424531   32552804   32245251   32891367   32730751   31392930   
32380360   33103097   32872785   31929598   32810203   33044489   33138522   31833349   32901547   33673153   

 W ============
Avg Active Time: 83.0
Avg overhead: 13.0
Avg L3_misses: 56.640037625

 P ============
Avg Active Time: 77.75
Avg overhead: 13.375
Avg L3_misses: 51.092976

 2 ============
Avg Active Time: 58.625
Avg overhead: 40.375
Avg L3_misses: 32.4408195

 5 ============
Avg Active Time: 57.875
Avg overhead: 43.125
Avg L3_misses: 32.772575125
