
319   330   318   335   332   325   331   329   340   341   
317   328   306   307   318   310   312   310   309   319   
182   185   185   188   188   185   180   183   182   185   
172   183   168   184   173   183   170   168   183   176   
14   20   20   15   13   20   19   14   14   13   
15   14   16   17   13   15   24   18   17   15   
43   43   45   40   38   42   43   40   42   44   
48   42   53   43   49   47   47   48   49   47   
56463622   56447840   56847067   56864763   56873753   56992426   56845821   57135917   57206337   56835666   
52139733   52733254   51380488   51584284   52013811   51201115   52447789   51662305   51664674   51973313   
32195351   32351826   33156105   33101088   32616945   32528613   32890345   32882162   32328532   32619984   
32485369   31828798   31819406   33277926   32281048   32124400   32512916   31891222   32976027   32111776   

 W ============
Avg Active Time: 330.125
Avg overhead: 16.125
Avg L3_misses: 56.857379375

 P ============
Avg Active Time: 312.75
Avg overhead: 15.875
Avg L3_misses: 51.858299625

 2 ============
Avg Active Time: 184.375
Avg overhead: 42.125
Avg L3_misses: 32.664936875

 5 ============
Avg Active Time: 176.0
Avg overhead: 47.25
Avg L3_misses: 32.2764445
