
108   110   108   110   110   110   111   110   112   107   
94   99   99   90   96   98   92   89   102   94   
71   75   68   72   70   71   72   70   70   68   
72   75   71   69   67   70   70   70   71   68   
11   12   14   17   18   18   18   15   18   14   
23   13   13   14   16   18   14   19   13   13   
36   37   39   37   41   39   37   36   43   46   
39   35   38   45   47   47   41   45   46   48   
57027448   57339524   56890711   56507982   56738763   56962801   56426125   56648756   57364628   56202215   
50393114   50774368   50953400   49532687   51238064   50833076   49490730   49660652   51991805   49924688   
31748629   32915359   33192369   32643919   32641701   31344763   33221917   32576464   32624111   32386036   
32961063   31795999   31770235   32568062   32382101   33124904   31858295   32539066   33550405   32920597   

 W ============
Avg Active Time: 109.625
Avg overhead: 15.75
Avg L3_misses: 56.81776375

 P ============
Avg Active Time: 95.25
Avg overhead: 15.0
Avg L3_misses: 50.413756125

 2 ============
Avg Active Time: 70.5
Avg overhead: 38.625
Avg L3_misses: 32.5910735

 5 ============
Avg Active Time: 70.125
Avg overhead: 43.5
Avg L3_misses: 32.518760875
