
1565   2040   1542   2051   1583   2066   1582   2064   1576   2044   
1554   2022   1574   2025   1523   2033   1560   2013   1540   2023   
819   925   799   938   812   944   817   936   818   934   
805   958   801   947   828   942   791   940   811   973   
41   56   42   54   44   54   40   48   39   56   
51   54   58   63   60   66   60   71   72   70   
61   81   61   76   65   74   60   77   54   68   
66   85   60   76   60   81   56   82   67   73   
197200973   199142442   196359025   199086063   196663633   200312629   197236054   199535213   197679876   199472136   
193502577   195716987   193956658   195467641   193303645   195757793   193629552   195715130   193499172   195491999   
86216659   86118970   85905904   86411312   86138662   86021330   86056248   86615606   85483437   86113166   
86318516   86286796   86087569   85904844   85731980   85777814   85287290   85920403   85894522   85863360   

 W ============
Avg Active Time: 1813.125
Avg overhead: 47.375
Avg L3_misses: 198.25204875

 P ============
Avg Active Time: 1788.875
Avg overhead: 62.75
Avg L3_misses: 194.6224645

 2 ============
Avg Active Time: 874.875
Avg overhead: 67.75
Avg L3_misses: 86.122781375

 5 ============
Avg Active Time: 879.0
Avg overhead: 70.625
Avg L3_misses: 85.933411
