
703   705   702   708   705   702   708   711   696   715   
699   708   692   711   695   690   692   700   694   701   
540   542   541   544   540   541   543   542   546   539   
536   541   548   539   539   540   545   542   544   541   
28   32   30   24   34   30   31   30   25   35   
41   45   36   42   41   38   45   35   45   43   
47   45   42   46   43   46   43   47   41   44   
56   46   46   40   53   51   50   53   56   49   
189482890   189412421   186531958   187151944   188671476   188068277   188598723   188541913   187761062   188935950   
185450571   186837063   183516349   185506996   184318364   186763415   185445359   185065763   185523112   184940339   
86276456   86001592   85721526   86497746   85808175   86322671   85802922   86352720   86332119   86029587   
85736660   86148410   86346953   85770958   86369601   86503265   86235335   85586679   86105748   85297851   

 W ============
Avg Active Time: 705.5
Avg overhead: 30.0
Avg L3_misses: 188.39272075

 P ============
Avg Active Time: 697.625
Avg overhead: 41.375
Avg L3_misses: 185.376739875

 2 ============
Avg Active Time: 541.625
Avg overhead: 44.5
Avg L3_misses: 86.11578025

 5 ============
Avg Active Time: 541.375
Avg overhead: 50.5
Avg L3_misses: 86.037543
