
2883   2910   2919   2883   2909   2925   2916   2918   2877   2890   
2637   2628   2633   2633   2586   2598   2653   2642   2605   2619   
1332   1336   1329   1326   1332   1325   1324   1334   1335   1324   
1327   1316   1315   1328   1319   1320   1326   1331   1313   1334   
23   21   23   21   25   28   24   23   24   21   
25   24   22   26   28   26   23   22   22   22   
33   36   40   28   32   43   35   41   25   32   
30   32   43   40   38   29   29   26   29   36   
254917513   259873983   258992554   255599473   259493965   260144988   258305889   261301917   254893822   255953645   
222633070   220380296   220389946   220529536   219716580   220730436   223611685   221468973   220034339   218947222   
103945860   106595834   104892340   104761123   104490979   104209789   103427242   106494095   103820301   105794011   
102767218   101788794   102930334   103189274   102743309   104246541   104743168   104794223   105016207   103953327   

 W ============
Avg Active Time: 2903.5
Avg overhead: 23.0
Avg L3_misses: 257.91025125

 P ============
Avg Active Time: 2624.375
Avg overhead: 23.75
Avg L3_misses: 220.735397

 2 ============
Avg Active Time: 1329.625
Avg overhead: 34.625
Avg L3_misses: 104.80106225

 5 ============
Avg Active Time: 1322.75
Avg overhead: 32.875
Avg L3_misses: 103.67092425
