
1264   1261   1265   1262   1265   1264   1263   1262   1267   1262   
1245   1244   1244   1244   1243   1248   1245   1243   1246   1244   
1228   1228   1221   1217   1221   1220   1228   1224   1225   1220   
1223   1223   1209   1221   1224   1228   1221   1226   1228   1231   
10   11   10   11   10   11   10   10   12   10   
10   10   11   13   10   10   10   10   10   11   
32   30   29   25   26   26   25   26   23   36   
25   25   38   32   25   28   29   25   22   33   
315490988   312372450   313567427   311636816   315290200   317600138   310525488   316005346   319285665   314939710   
269448052   272040214   272342366   270823116   269518691   273883230   272105249   268037696   271866588   272888027   
105468743   106281831   106446623   107159683   107020187   106238582   107350699   104667034   108293623   107012356   
106358812   106392772   108089326   106188692   109575648   105753288   106245530   107147371   105647900   109423195   

 W ============
Avg Active Time: 1263.375
Avg overhead: 10.375
Avg L3_misses: 314.612884375

 P ============
Avg Active Time: 1244.375
Avg overhead: 10.25
Avg L3_misses: 271.379037875

 2 ============
Avg Active Time: 1223.375
Avg overhead: 27.375
Avg L3_misses: 106.622338

 5 ============
Avg Active Time: 1224.25
Avg overhead: 27.75
Avg L3_misses: 106.94987325
