
439   455   438   440   452   447   425   444   456   445   
398   412   409   416   407   413   404   404   415   410   
395   388   397   386   385   386   394   381   383   399   
391   391   385   397   393   394   385   390   396   397   
23   22   22   23   25   25   24   23   30   22   
55   44   44   42   37   38   39   40   35   37   
29   33   34   32   32   29   32   35   28   32   
26   31   33   26   30   28   40   28   30   31   
108101689   107911738   107723483   107907818   107894794   107606602   108229791   107910312   108275017   107882280   
108161032   107362437   106769146   107207382   106435475   107196768   106581788   107299286   107278592   106688176   
90253491   88991392   89957515   89479779   89752176   90261320   90517926   89422421   89359017   90298107   
89613793   90212413   89343886   89765823   89490231   90081683   89475657   89411679   90824689   90086874   

 W ============
Avg Active Time: 445.0
Avg overhead: 23.375
Avg L3_misses: 107.945238125

 P ============
Avg Active Time: 409.25
Avg overhead: 40.125
Avg L3_misses: 107.047946875

 2 ============
Avg Active Time: 389.25
Avg overhead: 31.625
Avg L3_misses: 89.84797825

 5 ============
Avg Active Time: 392.125
Avg overhead: 29.625
Avg L3_misses: 89.767269125
