
943   958   947   945   933   944   939   937   948   922   
905   910   890   906   915   904   910   901   902   906   
835   832   836   839   823   834   836   843   828   841   
844   836   828   815   825   823   827   845   826   832   
39   34   37   46   39   36   47   33   35   33   
43   50   48   38   55   43   37   40   42   38   
44   52   48   44   51   46   43   51   40   51   
47   60   52   48   52   44   45   49   51   46   
242615051   243614355   242675118   244142371   246244768   243188756   244437702   242472675   242381424   244272457   
243890193   242423404   241607487   241031626   243251602   242913567   243940599   241583725   244648399   242809490   
186289015   184685043   186356522   186692617   185386646   185523755   186192801   186532872   186959915   185556829   
186486448   185056437   185373601   185538638   184336807   185297790   185785696   187315027   185717907   185610157   

 W ============
Avg Active Time: 942.0
Avg overhead: 37.375
Avg L3_misses: 243.427310625

 P ============
Avg Active Time: 905.5
Avg overhead: 42.75
Avg L3_misses: 242.802508375

 2 ============
Avg Active Time: 835.125
Avg overhead: 47.25
Avg L3_misses: 186.066382125

 5 ============
Avg Active Time: 830.125
Avg overhead: 48.75
Avg L3_misses: 185.60833425
