
3897   3700   3933   3792   3936   3775   3933   3763   3929   3788   
3750   3608   3781   3633   3774   3636   3752   3680   3752   3652   
3106   3140   3128   3141   3114   3125   3183   3125   3147   3153   
3075   3129   3085   3105   3118   3061   3085   3132   3040   3131   
128   194   101   92   85   115   96   146   100   121   
100   161   104   152   93   144   106   121   134   120   
80   70   56   75   56   66   56   70   62   81   
64   74   67   92   56   89   69   79   81   80   
479499941   479536474   479963562   479655478   479215987   479255638   479095248   479939280   479245648   480156883   
449503338   448504609   452421394   449317440   449983672   449720596   450750474   450528411   450749132   449547979   
365090577   365338017   363886037   366344545   363857036   364106509   364275930   364038545   364361591   364530049   
363310944   364234090   363758982   363395063   364238066   363787273   363314260   364027583   362990667   365594459   

 W ============
Avg Active Time: 3851.25
Avg overhead: 112.375
Avg L3_misses: 479.539001

 P ============
Avg Active Time: 3703.625
Avg overhead: 122.625
Avg L3_misses: 450.01263025

 2 ============
Avg Active Time: 3134.125
Avg overhead: 66.875
Avg L3_misses: 364.453406875

 5 ============
Avg Active Time: 3098.625
Avg overhead: 75.375
Avg L3_misses: 363.758282625
