
1444   1460   1440   1469   1442   1458   1446   1454   1456   1458   
1377   1386   1376   1390   1383   1394   1394   1364   1397   1387   
1202   1198   1202   1198   1198   1201   1214   1184   1198   1196   
1200   1203   1191   1192   1197   1212   1198   1203   1198   1200   
78   69   77   58   66   57   75   69   66   60   
102   106   114   100   111   80   92   119   100   103   
62   47   42   45   43   41   48   61   54   51   
41   58   59   48   57   53   52   48   67   49   
482319380   484391232   483152414   482071913   482489977   483889084   483301120   481964818   481896198   483220074   
450990742   450209569   451828320   451544686   451869875   450557025   452164608   449778872   452230960   452361825   
362363951   364625696   363463604   365446890   364102740   361859583   364803975   361761748   364988567   364030144   
364269954   362979795   364042194   363820655   364253698   365036548   364126585   365031493   363949721   363957902   

 W ============
Avg Active Time: 1452.25
Avg overhead: 67.5
Avg L3_misses: 482.8010975

 P ============
Avg Active Time: 1385.875
Avg overhead: 103.5
Avg L3_misses: 451.424473125

 2 ============
Avg Active Time: 1199.125
Avg overhead: 48.875
Avg L3_misses: 363.7797825

 5 ============
Avg Active Time: 1198.875
Avg overhead: 53.0
Avg L3_misses: 364.18152525
