
879   882   883   890   887   884   882   890   903   877   
839   846   877   824   857   831   841   844   821   843   
460   465   479   473   480   476   476   448   468   490   
433   468   456   489   439   432   473   473   479   456   
13   13   13   13   11   13   10   12   13   12   
14   9   12   13   14   14   12   10   13   10   
38   41   35   37   38   36   34   41   44   37   
37   41   44   37   44   44   36   35   39   44   
73977477   73777808   73569740   74060614   74227150   74421952   74248592   74034191   74105334   73410031   
68311179   68731899   70415780   68164361   69487867   68901009   68465759   69069224   67803512   68872678   
40340843   41265041   41009584   40754129   40349406   40655544   41250157   40235741   41673985   41711929   
39459085   41300236   40420151   42478363   39809575   38995802   40659978   40005486   41027299   39925998   

 W ============
Avg Active Time: 884.625
Avg overhead: 12.5
Avg L3_misses: 74.00011325

 P ============
Avg Active Time: 840.625
Avg overhead: 12.25
Avg L3_misses: 68.750497

 2 ============
Avg Active Time: 472.125
Avg overhead: 37.875
Avg L3_misses: 40.912336125

 5 ============
Avg Active Time: 459.625
Avg overhead: 40.25
Avg L3_misses: 40.325976
