
281   284   288   275   272   272   275   278   273   275   
265   265   269   264   269   268   278   263   259   256   
178   176   178   177   181   179   181   170   168   174   
181   180   172   172   181   172   174   181   180   183   
7   7   10   11   8   11   9   8   8   9   
6   8   7   18   9   8   8   11   9   9   
32   28   32   34   26   34   29   37   36   36   
27   31   37   35   26   34   30   34   30   32   
71628272   72053354   72027316   71960037   71733991   71808812   71942479   72697792   72286533   72183833   
66150662   66222064   66052655   67077907   66385072   65689845   66492389   65722070   66493181   66072514   
41870517   42040146   41615311   40560434   40716762   41422826   41831334   40940936   38945944   40262744   
39482370   42254093   40791340   41222041   40628860   40355425   40065308   41275731   41062315   42429296   

 W ============
Avg Active Time: 276.625
Avg overhead: 8.75
Avg L3_misses: 71.999544375

 P ============
Avg Active Time: 265.25
Avg overhead: 8.625
Avg L3_misses: 66.198825875

 2 ============
Avg Active Time: 176.625
Avg overhead: 32.625
Avg L3_misses: 41.152608

 5 ============
Avg Active Time: 177.625
Avg overhead: 31.625
Avg L3_misses: 40.956889125
