
215   217   215   220   219   218   218   216   215   219   
214   213   213   207   213   213   211   209   212   215   
152   144   153   152   158   149   158   155   148   150   
153   150   150   157   155   148   147   153   156   153   
8   7   8   9   18   9   8   9   8   8   
8   10   10   9   8   9   10   8   9   8   
32   31   28   36   27   41   33   35   28   36   
36   29   36   29   39   34   37   34   28   36   
71373638   73877265   72759431   72819661   73873092   72721461   72075924   73300974   72741444   73084781   
67979201   67061587   67149451   66769997   67743987   68330246   66251120   67374363   67087071   67792462   
41414847   40095946   41494597   41925624   41364757   40340324   42596527   42101337   41278972   41328592   
41895544   41491981   41872831   41256713   41867595   41057483   40604811   41319373   41293357   40464755   

 W ============
Avg Active Time: 217.125
Avg overhead: 8.375
Avg L3_misses: 72.922096

 P ============
Avg Active Time: 212.25
Avg overhead: 8.875
Avg L3_misses: 67.369764875

 2 ============
Avg Active Time: 152.125
Avg overhead: 32.375
Avg L3_misses: 41.40613125

 5 ============
Avg Active Time: 152.25
Avg overhead: 33.875
Avg L3_misses: 41.345518
