
440   429   424   422   416   435   426   425   436   426   
417   405   416   408   405   407   407   410   416   409   
245   250   232   253   245   248   235   244   234   245   
240   241   253   235   245   241   249   256   236   244   
8   8   8   9   11   9   10   9   8   11   
9   11   10   9   8   9   9   10   11   7   
31   35   28   31   37   34   30   33   44   35   
33   33   27   36   36   36   35   33   33   35   
71653391   71623404   72102302   72148013   72285885   71683095   71378110   71860250   72113651   71532699   
66997748   66528746   66800529   67388125   66606532   66807127   66567572   66672840   67257641   66827062   
40520174   41706365   38830269   41456220   41295465   42102655   40703362   41127245   39896518   41115125   
41350883   40624850   41219500   39746279   40879591   40723425   40417195   41857278   40544170   40929604   

 W ============
Avg Active Time: 427.875
Avg overhead: 9.0
Avg L3_misses: 71.839600625

 P ============
Avg Active Time: 409.75
Avg overhead: 9.375
Avg L3_misses: 66.817131375

 2 ============
Avg Active Time: 243.25
Avg overhead: 33.25
Avg L3_misses: 40.97755925

 5 ============
Avg Active Time: 243.625
Avg overhead: 34.25
Avg L3_misses: 40.83615225
