
221   207   210   207   212   210   211   219   207   222   
197   197   197   189   192   198   198   194   194   198   
123   121   120   117   112   119   127   123   125   121   
123   123   121   112   111   119   119   122   116   119   
11   15   12   10   15   10   10   10   17   10   
11   9   9   16   26   9   10   13   10   12   
35   34   36   38   35   37   38   37   36   33   
38   41   39   40   45   40   40   43   38   39   
54406517   54703036   55270152   55205874   55149854   54916714   54605659   55216609   54860130   55215061   
49088244   49673375   49603556   49326703   49070741   49009924   49753945   49099494   49300502   49772813   
32603942   31978608   32584047   32531918   31221010   31607321   31922678   32775713   32821294   31252538   
33200567   32614602   32424028   32516817   31014983   31939770   32301398   32588500   31983846   31849900   

 W ============
Avg Active Time: 212.125
Avg overhead: 11.625
Avg L3_misses: 54.984117125

 P ============
Avg Active Time: 195.875
Avg overhead: 11.25
Avg L3_misses: 49.36457

 2 ============
Avg Active Time: 121.125
Avg overhead: 36.0
Avg L3_misses: 32.157095625

 5 ============
Avg Active Time: 118.875
Avg overhead: 40.0
Avg L3_misses: 32.277357625
