
678   696   677   693   688   679   672   683   673   670   
623   634   624   607   626   643   647   606   648   635   
328   347   341   363   366   353   354   339   360   366   
349   383   354   355   347   354   354   363   366   341   
16   17   19   18   13   14   21   20   15   19   
18   20   16   29   17   16   15   24   18   15   
50   41   47   40   40   38   39   47   44   40   
41   44   46   40   39   55   44   43   43   41   
56801272   57589687   56584719   57387252   57160513   56960953   56594653   57385496   56834836   56993601   
51000647   51835706   51065721   50512896   51733733   51740085   52069772   50643057   52655541   51614405   
31202422   30975937   31705633   32629647   32276207   32055646   31354161   31392289   32236931   33043000   
31631597   33014148   31926012   31631982   31543673   32996201   31681779   32752690   32778280   32348237   

 W ============
Avg Active Time: 680.375
Avg overhead: 17.25
Avg L3_misses: 57.014822

 P ============
Avg Active Time: 629.875
Avg overhead: 18.0
Avg L3_misses: 51.46289075

 2 ============
Avg Active Time: 352.875
Avg overhead: 42.25
Avg L3_misses: 31.856617

 5 ============
Avg Active Time: 355.25
Avg overhead: 42.75
Avg L3_misses: 32.21834725
