
165   163   142   168   162   169   167   170   165   165   
155   154   155   157   155   158   157   157   155   155   
108   104   104   98   100   104   103   89   95   104   
102   96   95   101   108   107   103   99   97   102   
11   11   14   11   12   20   13   9   11   11   
10   12   14   11   13   12   12   11   11   11   
33   40   34   38   38   36   35   39   38   36   
46   37   45   44   40   41   45   42   45   43   
55899322   54733175   55772345   55176458   54586288   55237064   55156554   55642777   55079412   55454759   
50372852   50211999   51290602   50776699   50249827   50867990   51433328   50229854   51027025   50503482   
32111402   33262050   32094595   32578752   31543404   32933904   32632949   31127293   32376940   32364010   
33316031   32171741   31351841   32535366   33246380   32506706   32698538   32680459   32409046   31882827   

 W ============
Avg Active Time: 165.5
Avg overhead: 11.75
Avg L3_misses: 55.281568

 P ============
Avg Active Time: 155.75
Avg overhead: 11.625
Avg L3_misses: 50.664791375

 2 ============
Avg Active Time: 101.5
Avg overhead: 36.75
Avg L3_misses: 32.3294945

 5 ============
Avg Active Time: 100.875
Avg overhead: 43.125
Avg L3_misses: 32.516382875
