
327   337   330   339   336   329   324   337   316   340   
313   304   306   304   299   311   317   317   307   304   
183   180   179   186   194   174   179   175   182   175   
180   187   186   179   183   180   187   185   186   174   
16   14   17   13   14   18   14   14   14   14   
16   14   17   17   17   16   16   15   14   14   
40   43   42   33   40   45   38   43   36   37   
48   38   43   42   44   45   42   42   53   49   
54713761   54959640   54623257   54722013   54889547   54747863   54347590   55145695   54799625   54888897   
50466039   49840131   50377460   49698743   50085125   50428253   50858405   50823202   49492814   50241966   
32239183   32055821   31537333   31908184   32535644   32378572   32052179   31914530   32221325   31332544   
32457852   31819732   32697346   32341169   32727903   32580552   33076296   32842614   33647367   32474645   

 W ============
Avg Active Time: 332.375
Avg overhead: 14.625
Avg L3_misses: 54.793075375

 P ============
Avg Active Time: 308.25
Avg overhead: 15.625
Avg L3_misses: 50.245114875

 2 ============
Avg Active Time: 179.875
Avg overhead: 39.875
Avg L3_misses: 32.038390875

 5 ============
Avg Active Time: 183.25
Avg overhead: 44.375
Avg L3_misses: 32.649797125
